0.6815160515284441
0.6762834110231013
0.6993353131670137
0.6847687737639293
0.6885871870010952
0.6888700324345
0.6854758873263674
0.6890114552818587
0.6853344646223093
0.6832131239349949
0.681940319649048
0.6825060103641273
0.6881629189985036
0.6849101966197176
0.6881629188720618
0.6859001554722598
0.6892943005719628
0.6870315372986026
0.6883043417109912
0.691415641385719
0.6803846696852424
0.6860415781847474
0.6709093480834427
0.6850516193237758
0.6825060103641273
0.6805260925241717
0.6857587327597722
0.6433319191399263
0.6844859284822548
0.6692122753902905
0.6929712912230828
0.6856173100388551
0.6880214961680036
0.6881629189985036
0.676283411149543
0.6979210861601497
0.6789704426783785
0.6740206476232993
0.7256399376644237
0.687031537307032
0.6942440956523304
0.6864658463222103
0.687172959876219
0.6803846696936718
0.6955168999214183
0.6812332059517386
0.67699052457711
0.7236600198244681
0.6914156413941484
0.6819403195226063
0.68420308304885
0.6883043417109912
0.6737378023247658
0.694668363654922
0.6868901144512437
0.689152877985917
0.7219629472746166
0.7010323857084357
0.6870315371637313
0.6948097864938514
0.6825060103725568
0.6895771461233798
0.7216801018496414
0.6911327959607437
0.677131947298027
0.6682223164197361
0.689152877985917
0.6744449158956333
0.6922641776606447
0.6798189789701631
0.6846273511947424
0.6830717012225073
0.6839202376323043
0.6875972281485531
0.6890114551469876
0.6836373921988995
0.6809503606700641
0.6789704426952373
0.7170131523375497
0.6873143827151483
0.6888700324260705
0.690001414134401
0.7208315654482739
0.6881629188720618
0.6854758874612387
0.7221043699871043
0.6849101966112882
0.6847687737807883
0.6942440956523304
0.6874558053096237
0.685334464748751
0.6768491020079229
0.6793947106893996
0.6854758873263674
0.6898599915483551
0.6752934520356879
0.6873143827235778
0.6945269409255754
0.6860415781847474
0.6880214961595742
