0.6819403195141768
0.7235185971119805
0.7223872154120795
0.7006081176889851
0.7198416064608605
0.684768773890371
0.6834959693515407
0.718427379462426
0.7229529061355883
0.7216801017231996
0.7221043698606625
0.721821524562129
0.7189930703123765
0.7202658745898939
0.7233771742646217
0.668363739250236
0.7262056286492453
0.7195587610358852
0.6990524677251795
0.6112289632787935
0.7209729881607615
0.7240842878354892
0.7212558335857367
0.7202658745898939
0.7223872154205089
0.7006081175625434
0.722670060710613
0.6765662565660888
0.7235185969855387
0.7225286379981254
0.720407297310811
0.6844859284822548
0.7212558337121785
0.6226842029987206
0.6938198273715668
0.6789704426952373
0.7208315654482739
0.7222457926995919
0.7219629471481749
0.7206901427273568
0.6074105500584865
0.6028850233768949
0.7213972564330955
0.722670060710613
0.6875972280305407
0.69961815857513
0.7211144108732491
0.7243671332604644
0.6696365435361828
0.7216801017147702
0.6842030829139788
0.6991938905641089
0.6836373921988995
0.6977796633212203
0.6853344647571805
0.722670060710613
0.7238014425369558
0.6091076226083381
0.7240842878354892
0.7209729881607615
0.696224013475427
0.6982039314502537
0.6972139725977116
0.6379578559389547
0.7256399377992948
0.720690142862228
0.6758591430205095
0.6061377456292389
0.682506010507428
0.6829302785015902
0.7213972562982244
0.7223872154120795
0.702729458384729
0.6911327959607437
0.7204072974372527
0.7177202658999878
0.5775703577067386
0.6686465846836407
0.7228114835495424
0.721821524562129
0.721821524562129
0.7223872154120795
0.7208315655747156
0.6880214961595742
0.7191344930248641
0.7165888840736451
0.6980625088726373
0.7208315655747156
0.7195587610358852
0.6996181587100012
0.7219629471481749
0.6966482816128898
0.7254985150952367
0.7212558337121785
0.7212558335857367
0.7202658745983234
0.7010323857084357
0.6105218497163554
0.6792532881117831
0.719558761162327
