0.7202658747331946
0.7195587610443146
0.7155989250862317
0.7031537265306212
0.7155989250862317
0.7024466129597537
0.7066892942079407
0.7102248621465731
0.7025880356722414
0.7199830292997899
0.7083863667577922
0.7192759157373517
0.6980625088726373
0.7188516474734471
0.6474331776840551
0.7028708809707749
0.6368264742474832
0.7194173384498393
0.7205487200232986
0.7160231933585658
0.7204072974372527
0.6873143825971361
0.7211144108732491
0.7068307169204283
0.7034365718122959
0.7187102248958307
0.7211144109996909
0.7069721396244866
0.7102248621381437
0.71927591561091
0.6980625088810668
0.7123462027074458
0.7185688021749136
0.722104369852233
0.7223872154120795
0.7181445339194384
0.6287653796441179
0.711214821125557
0.722670060710613
0.718144533911009
0.7191344930248641
0.7103662847241895
0.7038608399581883
0.6243812756665844
0.695234054496443
0.7216801018496414
0.7189930701943642
0.7211144108732491
0.6331494838576761
0.7090934803118009
0.7188516474734471
0.7075378306093082
0.7122047799865286
0.67642483387046
0.6403620421861156
0.7195587610358852
0.7213972562982244
0.7056993353469692
0.7252156695353902
0.7175788431875002
0.7182859566150671
0.7140432752488678
0.7219629472746166
0.7150332342362812
0.7122047801213999
0.7102248620117019
0.7222457925731501
0.7229529061355883
0.7110733982950571
0.7180031111985213
0.6946683636464925
0.720690142862228
0.716306038783541
0.7240842879535015
0.7208315654482739
0.6989110451475631
0.7194173383233976
0.6949512090798973
0.7216801018580707
0.720972988152332
0.7226700608370548
0.7180031113333926
0.7032951491082378
0.701032385826448
0.7134775843989173
0.7164474613611574
0.7040022626622464
0.7208315654398444
0.7136190072462761
0.718993070320806
0.7122047799865286
0.7025880356806709
0.6994767359975136
0.7216801017147702
0.721821524562129
0.711780511983937
0.7209729881607615
0.664262480461653
0.7130533162614544
0.6481402913729349
