0.7194173383233976
0.7180031113249631
0.6743034930482745
0.7201244518858357
0.6718993069275554
0.7221043698606625
0.7021637673999073
0.6614340262119006
0.6874558053096237
0.7168717296250621
0.6652524394406371
0.7208315654482739
0.6567670766998089
0.7208315655747156
0.6495545183713695
0.7182859566150671
0.6001979917216176
0.6914156412592771
0.6704850798111086
0.6839202376238748
0.6751520293232003
0.6966482817477611
0.6731721113483735
0.7202658745898939
0.7202658745983234
0.6629896760492644
0.6720407297833437
0.6675152028488684
0.6611511809217965
0.681374628807527
0.7222457926995919
0.6741620704790875
0.6644039031825701
0.7225286381245671
0.7223872152856378
0.7213972562897949
0.7208315654482739
0.6762834110231013
0.7202658747247651
0.7211144109996909
0.6477160232354721
0.6751520293232003
0.6276339980790882
0.6810917833741222
0.7222457926995919
0.6109461179886895
0.7216801018496414
0.7222457926995919
0.7164474614875992
0.6666666667003844
0.7219629471481749
0.6740206476232993
0.6573327675497594
0.6727478432193401
0.718427379462426
0.6690708526862323
0.6989110451475631
0.7194173384498393
0.7222457926995919
0.7238014424105139
0.6816574740892015
0.7228114835495424
0.6120774996885905
0.7236600198244681
0.7236600196980263
0.6676566255697856
0.6849101966112882
0.7242257105479768
0.7228114835495424
0.6676566256793683
0.7230943288480758
0.6648281714464748
0.7071135624718453
0.6853344647403216
0.662565407920231
0.6853344646307388
0.7204072974372527
0.6901428369733303
0.6943855183395297
0.7201244518858357
0.7232357516870053
0.7236600196980263
0.6925470229591781
0.7211144108732491
0.6718993070708561
0.664121057740736
0.6750106067455838
0.686041578176318
0.6908499505357685
0.6761419884370554
0.7209729881607615
0.676141988319043
0.6700608116652162
0.6663838211573969
0.6868901144512437
0.6405034647805908
0.6922641775342029
0.672606420498423
0.6446047235523149
0.7243671333869063
