0.6861830010236768
0.6965068590352734
0.6702022345210046
0.6444633007218149
0.6966482817477611
0.6819403195310357
0.7161646160626239
0.7072549851843329
0.6577570356956518
0.6938198273715668
0.7204072974372527
0.7185688020400424
0.700749540275031
0.722670060710613
0.7000424268474641
0.6735963796122781
0.6663838212754092
0.7212558337121785
0.6955168999129888
0.7061236034928614
0.7211144108732491
0.6679394711212026
0.6840616603363624
0.6952340546228848
0.6778390609869069
0.6960825907713688
0.6849101966197176
0.7223872154120795
0.71149766643252
0.6911327959607437
0.6802432469727547
0.7213972562982244
0.7010323857084357
0.7188516474650176
0.7056993352120979
0.7003252722724393
0.7228114835411129
0.6686465846752112
0.7054164897871227
0.7071135623369742
0.7250742469493443
0.7228114835579718
0.6955168999214183
0.7066892942079407
0.6868901144428142
0.6448875689857196
0.6901428369901892
0.7055579125080397
0.6966482816128898
0.7000424267210223
0.6953754773438019
0.722670060710613
0.6772733701453858
0.6908499505357685
0.681657474097631
0.67699052457711
0.6843445057613377
0.7223872152856378
0.6880214962860159
0.7011738085473651
0.7072549851843329
0.6728892660582695
0.7140432753753095
0.6912742185467895
0.7124876255379456
0.7168717294986203
0.7150332342447107
0.6890114551385581
0.7215386790022825
0.7197001838832441
0.6887286097220123
0.7148918116586648
0.6834959693683996
0.7233771743994929
0.6874558053096237
0.663131098761752
0.7010323858348775
0.6597369537969203
0.7031537263957501
0.7202658747247651
0.7191344930248641
0.6771319474244688
0.7131947391088133
0.6950926319188266
0.6963654361879146
0.6426248056027765
0.6963654361963441
0.7073964078883912
0.7127704709713504
0.7100834393076437
0.6808089379407176
0.7213972562982244
0.6826474330766149
0.6730306887707571
0.7143261208087143
0.6677980484087149
0.6867486918736273
0.7044265307997093
0.6792532881202126
0.6928298685105951
