0.7202658747247651
0.7216801018496414
0.7188516475998888
0.7205487201497404
0.7195587610358852
0.7199830292997899
0.718427379462426
0.7194173384498393
0.7213972564246661
0.7168717296250621
0.7187102247609595
0.7197001838748146
0.7189930703123765
0.7215386791371537
0.7188516474650176
0.7187102248874012
0.7185688021749136
0.7199830292997899
0.7182859567499383
0.7197001838748146
0.7191344928899929
0.7201244520122775
0.7191344930248641
0.7204072974372527
0.719558761162327
0.7174374204750126
0.7205487201497404
0.7202658747247651
0.7208315655747156
0.7191344930248641
0.7188516474734471
0.719558761162327
0.7202658747247651
0.7204072974372527
0.7177202658999878
0.7198416065873022
0.7185688021749136
0.7199830292997899
0.7198416065873022
0.7199830292997899
0.7199830292997899
0.7182859567499383
0.719558761162327
0.7199830291733481
0.7201244520122775
0.7222457926995919
0.7163060387751116
0.7208315655747156
0.7188516474650176
0.7204072974372527
0.7192759157373517
0.7194173383149681
0.7189930703123765
0.7157403479251611
0.7167303069125744
0.7168717296250621
0.7205487200232986
0.7213972564246661
0.7209729882872032
0.7182859567499383
0.719558761162327
0.719558761162327
0.7201244518858357
0.7174374203401414
0.7219629471481749
0.7187102248874012
0.71871022475253
0.7174374204750126
0.7205487201497404
0.719841606452431
0.7201244520122775
0.720690142862228
0.7165888840652156
0.7219629472746166
0.7192759157373517
0.7225286379896959
0.7189930703123765
0.7180031113249631
0.7219629471481749
0.721821524562129
0.7222457926995919
0.7187102247609595
0.7177202657651166
0.7213972564246661
0.7175788431875002
0.7208315655747156
0.7187102248874012
0.7219629472746166
0.7197001837483729
0.7209729881607615
0.7182859566150671
0.7202658747247651
0.7204072974372527
0.7185688020400424
0.7225286381245671
0.7215386791371537
0.720972988152332
0.7178616886124755
0.7192759157373517
0.7198416064608605
